+32456555747
+32456555645
+32475558001
+32485555554
+32456555270
+32456555443
+32456555714
+32475557146
+32485551206
+32456555680
+32475551357
+32456555788
+32456555069
+32456555336
+32485551303
+32456555294
+32456555360
+32456555217
+32456555813
+32475552145
+32456555919
+32456555756
+32495553039
+32475555862
+32485557522
+32456555777
+32475550288
+32485556533
+32495555564
+32456555456
+32485550795
+32485553679
+32495557849
+32456555057
+32456555639
+32456555794
+32456555196
+32456555265
+32456555224
+32456555188
+32456555259
+32485552042
+32485551581
+32485557798
+32456555683
+32475557166
+32475555720
+32475555666
+32485552150
+32495558757
+32456555078
+32456555420
+32485556491
+32495550604
+32485558360
+32456555948
+32456555410
+32456555531
+32456555188
+32485557617
+32456555886
+32495556376
+32495559484
+32475558325
+32456555123
+32456555826
+32456555167
+32456555813
+32456555251
+32456555390
+32485550565
+32456555922
+32495558237
+32456555888
+32456555556
+32456555405
+32495556387
+32456555124
+32495554588
+32456555009
+32456555108
+32456555578
+32456555880
+32475554135
+32456555577
+32456555937
+32456555400
+32456555273
+32475552650
+32475559345
+32456555444
+32456555033
+32495550948
+32485554712
+32485551832
+32456555984
+32495557370
+32456555744
+32495559074
+32475554386